00100000
00011110
00000000
00000000
10001111
11011101
00000000
00100000
00100000
00011100
00000000
00000000
00100000
00011011
00000000
00000000
00100000
00011010
00000000
00000000
00010011
01011101
00000000
00001100
00000000
00011010
10110000
10000000
00000010
11011110
10110000
00100000
10001110
11011001
00000000
00000000
00101011
00110111
00000000
00000001
00010010
11100000
00000000
00000001
00001000
00000000
00000000
00010000
00110011
00111000
00000000
00000001
00010111
00000000
00000000
00000010
00000011
10011001
11100000
00100000
00100011
01111011
00000000
00000001
00100011
01011010
00000000
00000001
00001000
00000000
00000000
00000101
10101111
11011100
00000000
00100100
10101111
11011011
00000000
00101000
00001000
00000000
00000000
00010100