10001100
00000010
00000000
00000000
10001100
00000100
00000000
00000100
00000000
10000000
00101000
00100000
00000000
10000000
00110000
00100000
00100000
00000001
00000000
00000001
00100000
00000011
00000000
00001000
00010000
00100010
00000000
00001010
10001100
01100100
00000000
00000000
00000000
10100100
00111000
00101010
00010000
11100000
00000000
00000001
00000000
10000000
00101000
00100000
00000000
10000110
00111000
00101010
00010000
11100000
00000000
00000001
00000000
10000000
00110000
00100000
00100000
00100001
00000000
00000001
00100000
01100011
00000000
00000100
00001000
00000000
00000000
00000110
00000000
10100000
11110000
00100000
00000000
11000000
11101000
00100000
10101100
00011110
00000000
01100100
10101100
00011101
00000000
01101000
00001000
00000000
00000000
00010101